570	2006	37.2641017	127.0007112
570	2012	37.2640868	127.0007265
570	2018	37.264083	127.0007286
570	2024	37.264083	127.0007286
570	2030	37.2640693	127.0007399
570	2036	37.2640693	127.0007399
570	2042	37.2640589	127.00075
570	2048	37.2640087	127.0008109
570	2054	37.2640087	127.0008108
570	2060	37.264009	127.000812
570	2066	37.2640094	127.0008123
570	2072	37.2640107	127.0008128
570	2078	37.2640118	127.000813
570	2084	37.2640136	127.0008117
570	2090	37.2640156	127.0008107
570	2096	37.264018	127.0008073
570	2102	37.264018	127.0008073
570	2108	37.264019	127.0008051
570	2114	37.2640276	127.0007978
570	2120	37.2640294	127.0007949
570	2126	37.264031	127.0007927
570	2132	37.264037	127.0007863
570	2138	37.2640422	127.0007808
570	2144	37.2640422	127.0007808
570	2150	37.2640652	127.0007611
570	2156	37.2640652	127.0007611
570	2162	37.2640741	127.000753
570	2168	37.2640821	127.0007459
570	2174	37.264089	127.0007397
570	2180	37.2640956	127.000734
570	2186	37.2641014	127.000729
570	2192	37.2641082	127.0007215
570	2198	37.2641167	127.0007163
570	2204	37.2641167	127.0007163
570	2210	37.2641299	127.0007017
570	2216	37.2641397	127.0006913
570	2222	37.2641454	127.0006855
570	2228	37.2641495	127.0006813
570	2234	37.2641546	127.0006765
570	2240	37.2641594	127.0006736
570	2246	37.2641643	127.0006707
570	2252	37.2641683	127.0006689
570	2258	37.2641724	127.0006696
570	2264	37.2641757	127.0006662
570	2270	37.2641757	127.0006662
570	2276	37.2641786	127.0006618
570	2282	37.2641798	127.0006592
570	2288	37.2641821	127.0006565
570	2294	37.2641841	127.0006541
570	2300	37.2641872	127.0006517
570	2306	37.2641906	127.0006491
570	2312	37.2641949	127.0006486
570	2318	37.2641995	127.0006507
570	2324	37.2642044	127.0006495
570	2330	37.2642085	127.0006463
570	2336	37.2642128	127.0006428
570	2342	37.2642181	127.00064
570	2348	37.2642235	127.0006369
570	2354	37.2642235	127.0006369
570	2360	37.264231	127.0006319
570	2366	37.2642352	127.0006291
570	2372	37.2642408	127.0006249
570	2378	37.2642455	127.0006215
570	2384	37.2642521	127.0006179
570	2390	37.2642583	127.000616
570	2396	37.2642653	127.0006131
570	2402	37.2642711	127.0006117
570	2408	37.2642769	127.0006098
570	2414	37.2642827	127.0006082
570	2420	37.2642882	127.0006062
570	2426	37.2642927	127.0006048
570	2432	37.2642927	127.0006048
570	2438	37.2642989	127.0006025
570	2444	37.264303	127.0006015
570	2450	37.2643058	127.0006008
570	2456	37.2643058	127.0006008
570	2462	37.2643118	127.0005991
570	2468	37.2643163	127.0005975
570	2474	37.2643188	127.0005969
570	2480	37.2643223	127.0005957
570	2486	37.2643245	127.0005949
570	2492	37.2643279	127.0005935
570	2498	37.2643361	127.0005956
570	2504	37.264336	127.0005862
570	2510	37.2643364	127.0005805
570	2006	37.2654827	126.9998313
570	2012	37.2653726	126.9995142
570	2018	37.2653731	126.9995138
570	2024	37.2653728	126.9995121
570	2030	37.2654	126.9996214
570	2036	37.2654142	126.9996781
570	2042	37.2654276	126.9997295
570	2048	37.2654276	126.9997295
570	2054	37.2654313	126.9997415
570	2060	37.2654342	126.9997492
570	2066	37.2654363	126.9997547
570	2072	37.2654385	126.9997588
570	2078	37.2654594	126.9997825
570	2084	37.2654542	126.9997746
570	2090	37.2654551	126.9997692
570	2096	37.2654578	126.9997658
570	2102	37.2654595	126.9997635
570	2108	37.2654621	126.9997612
570	2114	37.2654642	126.9997592
570	2120	37.2654674	126.9997524
570	2126	37.2654803	126.9996561
570	2132	37.2654792	126.9996517
570	2138	37.2654754	126.9996484
570	2144	37.2654754	126.9996484
570	2150	37.2654733	126.9996458
570	2156	37.2654728	126.9996447
570	2162	37.2654728	126.9996435
570	2168	37.2654729	126.9996423
570	2174	37.2654735	126.99964
570	2180	37.265475	126.9996375
570	2186	37.2654765	126.9996351
570	2192	37.265479	126.9996325
570	2198	37.2654811	126.999629
570	2204	37.2654838	126.9996253
570	2210	37.2654865	126.9996217
570	2216	37.2654903	126.9996136
570	2222	37.2654978	126.9995971
570	2228	37.2654977	126.9995744
570	2234	37.2654972	126.9995626
570	2240	37.2654972	126.9995626
570	2246	37.2654898	126.9995322
570	2252	37.2654841	126.9995163
570	2258	37.2654804	126.9995031
570	2264	37.2654777	126.9994919
570	2270	37.265476	126.9994819
570	2276	37.2654748	126.9994725
570	2282	37.2654685	126.999451
570	2288	37.2654685	126.999451
570	2294	37.2654607	126.9994302
570	2300	37.2654607	126.9994302
570	2306	37.26545	126.9994097
570	2312	37.26545	126.9994097
570	2318	37.2654385	126.9993907
570	2324	37.2654332	126.9993819
570	2330	37.2654249	126.9993739
570	2336	37.2654205	126.9993672
570	2342	37.2654166	126.9993601
570	2348	37.265414	126.9993533
570	2354	37.2654112	126.9993469
570	2360	37.2654086	126.9993399
570	2366	37.2654066	126.9993346
570	2372	37.2654051	126.9993272
570	2378	37.2654038	126.9993209
570	2384	37.2653956	126.9992956
570	2390	37.265395	126.9992904
570	2396	37.2653952	126.9992793
570	2402	37.265396	126.9992715
570	2408	37.2653964	126.9992624
570	2414	37.265398	126.9992568
570	2420	37.2653996	126.9992439
570	2426	37.2654016	126.9992363
570	2432	37.2654033	126.9992266
570	2438	37.2654317	126.9992326
570	2444	37.2654333	126.9992047
570	2450	37.2654442	126.9992024
570	2456	37.2654558	126.9992036
570	2462	37.2654646	126.9991923
570	2468	37.2654763	126.9991902
570	2474	37.2654858	126.9991838
570	2480	37.2654973	126.9991812
570	2486	37.2655077	126.9991753
570	2492	37.2655201	126.9991721
570	2498	37.2655431	126.9991776
570	2504	37.2655431	126.9991776
570	2510	37.2655705	126.9991747
570	2516	37.2655904	126.9991804
570	2522	37.265616	126.9991911
570	2528	37.2656285	126.9991897
570	2534	37.2656404	126.9991886
570	2540	37.2656517	126.9991866
570	2546	37.2656636	126.9991846
570	2552	37.2656857	126.9992045
570	2558	37.2657024	126.9992215
570	2564	37.2657183	126.9992313
570	2570	37.2657183	126.9992313
570	2576	37.2657395	126.9992354
570	2582	37.2657514	126.9992439
570	2588	37.2657619	126.9992502
570	2594	37.2657742	126.9992539
570	2600	37.2657816	126.9992587
570	2606	37.2658176	126.9993302
570	2612	37.2658176	126.9993302
570	2618	37.2658209	126.9993339
570	2624	37.265825	126.9993354
570	2630	37.265831	126.9993354
570	2636	37.2658374	126.9993356
570	2642	37.2658424	126.9993359
570	2648	37.2658502	126.999336
570	2654	37.2658546	126.999336
570	2660	37.2658647	126.999341
570	2666	37.2658715	126.999345
570	2672	37.2658802	126.9993477
570	2678	37.265888	126.9993502
570	2684	37.2658949	126.9993521
570	2690	37.2659031	126.9993536
570	2696	37.2659086	126.9993551
570	2702	37.2659206	126.9993568
570	2708	37.2659206	126.9993568
570	2714	37.2659337	126.9993567
570	2720	37.2659337	126.9993567
570	2726	37.2659447	126.9993549
570	2732	37.2659507	126.9993536
570	2738	37.2659574	126.999352
570	2744	37.2659627	126.9993507
570	2750	37.2659696	126.9993493
570	2756	37.265975	126.9993481
570	2762	37.2659818	126.9993482
570	2768	37.265988	126.9993479
570	2774	37.2659929	126.9993476
570	2780	37.2659975	126.9993474
570	2786	37.2660022	126.9993469
570	2792	37.2660065	126.9993458
570	2798	37.2660112	126.9993448
570	2804	37.2660169	126.9993431
570	2810	37.2660231	126.9993418
570	2816	37.2660291	126.999343
570	2822	37.2660358	126.9993435
570	2828	37.2660414	126.9993432
570	2834	37.2660458	126.9993417
570	2840	37.2660529	126.99934
570	2846	37.2660586	126.9993373
570	2852	37.266064	126.9993348
570	2858	37.2660713	126.999331
570	2864	37.2660777	126.9993275
570	2870	37.2661002	126.9993485
570	2876	37.2661002	126.9993485
570	2882	37.2660996	126.9993551
570	2888	37.2660996	126.9993551
570	2894	37.2661071	126.9993536
570	2900	37.2661118	126.9993524
570	2906	37.2661165	126.9993502
570	2912	37.2661213	126.999348
570	2918	37.2661239	126.9993464
570	2924	37.2661239	126.9993464
570	2930	37.2661201	126.9993461
570	2936	37.2661201	126.9993461
570	2942	37.2661239	126.9993449
570	2948	37.2661206	126.9993428
570	2954	37.2661206	126.9993396
570	2960	37.2661197	126.9993394
570	2966	37.2661222	126.9993389
570	2972	37.2661197	126.9993382
570	2978	37.2661196	126.9993373
570	2984	37.2661193	126.9993351
570	2990	37.2661196	126.9993333
570	2996	37.2661208	126.9993278
570	3002	37.2661208	126.9993278
570	3008	37.2661183	126.9993246
570	3014	37.2661151	126.9993206
570	3020	37.2661128	126.999317
570	3026	37.2661101	126.9993091
570	3032	37.2661101	126.9993091
570	3038	37.2661109	126.9993015
570	3044	37.2661109	126.9993015
570	3050	37.2661129	126.9992968
570	3056	37.2660867	126.9992677
570	3062	37.266082	126.9992677
570	3068	37.2660837	126.999266
570	3074	37.2660865	126.9992631
570	3080	37.2660901	126.9992602
570	3086	37.2660924	126.9992567
570	3092	37.2660945	126.9992538
570	3098	37.2660999	126.999249
570	3104	37.2661034	126.9992442
570	3110	37.266107	126.9992424
570	3116	37.2661106	126.9992392
570	3122	37.2661142	126.9992363
570	3128	37.2661172	126.9992329
570	3134	37.2661197	126.9992297
570	3140	37.2661261	126.9992229
570	3146	37.2661261	126.9992229
570	3152	37.2661334	126.9992177
570	3158	37.2661374	126.9992138
570	3164	37.2661461	126.9992145
570	3170	37.2661547	126.999215
570	3176	37.2661625	126.9992156
570	3182	37.2661782	126.9992153
570	3188	37.2661782	126.9992153
570	3194	37.2661886	126.9992142
570	3200	37.2661956	126.9992141
570	3206	37.2662025	126.9992138
570	3212	37.2662119	126.9992158
570	3218	37.2662201	126.9992184
570	3224	37.2662279	126.9992202
570	3230	37.2662353	126.999221
570	3236	37.2662421	126.9992213
570	3242	37.26625	126.9992209
570	3248	37.2662575	126.99922
570	3254	37.2662702	126.9992174
570	3260	37.2662702	126.9992174
570	3266	37.2662796	126.9992202
570	3272	37.266286	126.9992228
570	3278	37.2662928	126.9992247
570	3284	37.2663049	126.9992268
570	3290	37.2663341	126.9991669
570	3296	37.2663224	126.9991399
570	3302	37.2663214	126.9991259
570	3308	37.2663206	126.9991154
570	3314	37.26632	126.9991058
570	3320	37.2663164	126.9990885
570	3326	37.2663138	126.9990745
570	3332	37.2663132	126.9990561
570	3338	37.2663132	126.9990561
570	3344	37.266312	126.9990398
570	3350	37.2663142	126.9990175
570	3356	37.266428	126.9990999
570	3362	37.266428	126.9990999
570	3368	37.2664041	126.9990267
570	3374	37.266407	126.9990264
570	3380	37.266407	126.9990264
570	3386	37.2663994	126.9990099
570	3392	37.266403	126.999002
570	3398	37.2664016	126.9989994
570	3404	37.2664016	126.9989994
570	3410	37.2664017	126.998997
570	3416	37.2664031	126.9989928
570	3422	37.2664044	126.9989912
570	3428	37.2664079	126.9989867
570	3434	37.2664726	126.9989841
570	3440	37.2664874	126.9989839
570	3446	37.2665082	126.9989868
570	3452	37.2665894	126.9990181
570	3458	37.2665818	126.999017
570	3464	37.2665887	126.9990229
570	3470	37.266603	126.999025
570	3476	37.2666029	126.9990242
570	3482	37.2666127	126.9990309
570	3488	37.2666129	126.9990333
570	3494	37.2666031	126.9990396
570	3500	37.2666023	126.9990396
570	3506	37.2666027	126.9990301
570	3512	37.266603	126.9990269
570	3518	37.2666034	126.9990255
570	3524	37.2666057	126.9990237
570	3530	37.2666086	126.999023
570	3536	37.266611	126.9990217
570	3542	37.266611	126.9990217
570	3548	37.2666154	126.9990198
570	3554	37.2666348	126.99902
570	3560	37.2666348	126.99902
570	3566	37.2666424	126.9990192
570	3572	37.2666503	126.9990187
570	3578	37.2666611	126.9990175
570	3584	37.2666677	126.9990155
570	3590	37.2666755	126.999013
570	3596	37.2666822	126.9990109
570	3602	37.26669	126.9990087
570	3608	37.266697	126.9990064
570	3614	37.2667035	126.9990041
570	3620	37.2667102	126.9990029
570	3626	37.2667173	126.9989998
570	3632	37.2667218	126.9989982
570	3638	37.266727	126.9989964
570	3644	37.2667308	126.998995
570	3650	37.2667351	126.9989934
570	3656	37.2667391	126.9989913
570	3662	37.2667431	126.9989897
570	3668	37.2667527	126.9989869
570	3674	37.2667527	126.9989869
570	3680	37.2667582	126.9989843
570	3686	37.266763	126.9989826
570	3692	37.2667676	126.9989811
570	3698	37.2667707	126.9989793
570	3704	37.2667742	126.9989778
570	3710	37.2667794	126.9989739
570	3716	37.2667794	126.9989739
570	3722	37.2667834	126.9989697
570	3728	37.2667834	126.9989697
570	3734	37.2667873	126.9989663
570	3740	37.2667873	126.9989648
570	3746	37.2667894	126.9989625
570	3752	37.2667943	126.9989604
570	3758	37.2667972	126.9989582
570	3764	37.2668008	126.998956
570	3770	37.2668003	126.9989571
570	3776	37.2668014	126.9989574
570	3782	37.2668009	126.9989567
570	3788	37.2668019	126.9989554
570	3794	37.2668019	126.9989537
570	3800	37.2668014	126.9989519
570	3806	37.266803	126.9989495
570	3812	37.2668031	126.9989475
570	3818	37.2668051	126.9989448
570	3824	37.2668066	126.9989421
570	3830	37.26681	126.9989391
570	3836	37.2668121	126.9989365
570	3842	37.2668143	126.9989339
570	3848	37.2668178	126.9989303
570	3854	37.2668192	126.9989279
570	3860	37.2668214	126.9989255
570	3866	37.2668227	126.9989231
570	3872	37.2668254	126.9989202
570	3878	37.266828	126.9989178
570	3884	37.2668309	126.9989154
570	3890	37.2668354	126.9989121
570	3896	37.2668384	126.9989101
570	3902	37.2668449	126.9989057
570	3908	37.2668449	126.9989057
570	3914	37.2668498	126.9989028
570	3920	37.2668518	126.9989011
570	3926	37.2668557	126.9988989
570	3932	37.2668604	126.9988965
570	3938	37.2668644	126.9988938
570	3944	37.2668694	126.9988906
570	3950	37.2668736	126.9988876
570	3956	37.266878	126.9988848
570	3962	37.2668813	126.9988831
570	3968	37.2668856	126.9988811
570	3974	37.2668993	126.99887
570	3980	37.2669033	126.9988666
570	3986	37.266909	126.9988628
570	3992	37.266909	126.9988628
570	3998	37.2669154	126.9988597
570	4004	37.2669188	126.9988562
570	4010	37.2669221	126.9988534
570	4016	37.266926	126.9988501
570	4022	37.2669299	126.998846
740	444	37.2641825	127.0008019
740	450	37.2641833	127.000801
740	456	37.264183	127.0008039
740	462	37.264183	127.0008039
740	468	37.2641828	127.0008045
740	474	37.2641765	127.0008095
740	480	37.2641747	127.0008111
740	486	37.2641746	127.0008119
740	492	37.2641752	127.0008123
740	498	37.2641757	127.0008132
740	504	37.2641757	127.0008132
740	510	37.2641771	127.000814
740	516	37.2641785	127.0008146
740	522	37.2641807	127.0008152
740	528	37.2641833	127.0008157
740	534	37.2641857	127.0008164
740	540	37.2647765	127.0003848
740	546	37.2647807	127.0003846
740	552	37.2647829	127.0003851
740	558	37.2647799	127.000387
740	564	37.2647799	127.000387
740	570	37.2647768	127.0003884
740	576	37.2648169	127.0004029
740	582	37.2648383	127.0004123
740	588	37.2648519	127.0004181
740	594	37.2648621	127.0004222
740	600	37.2648693	127.0004251
740	606	37.2648744	127.0004267
740	612	37.2648784	127.0004276
740	618	37.2648784	127.0004276
740	624	37.2648823	127.0004277
740	630	37.2648838	127.0004274
740	636	37.2648754	127.0004243
740	642	37.2648794	127.000422
740	648	37.2648814	127.0004196
740	654	37.2648832	127.0004176
740	660	37.2648838	127.0004152
740	666	37.2648845	127.0004131
740	672	37.2648847	127.0004107
740	678	37.2648848	127.0004082
740	684	37.2648851	127.0004057
740	690	37.2648862	127.0004034
740	696	37.2649017	127.0004098
740	702	37.2649129	127.0004137
740	708	37.2649217	127.0004161
740	714	37.2649297	127.0004177
740	720	37.2649367	127.0004186
740	726	37.2649435	127.000419
740	732	37.2649501	127.0004191
740	738	37.2649562	127.0004187
740	744	37.2649562	127.0004187
740	750	37.2649612	127.0004181
740	756	37.2649808	127.0004242
740	762	37.2649918	127.0004262
740	768	37.2649993	127.0004271
740	774	37.2650071	127.0004272
740	780	37.2650142	127.0004267
740	786	37.2650209	127.000426
740	792	37.2650272	127.0004251
740	798	37.2650333	127.0004239
740	804	37.2650738	127.0004125
740	810	37.2650763	127.0004315
740	816	37.2650758	127.0004311
740	822	37.2650782	127.0004295
740	828	37.2650812	127.0004281
740	834	37.2650845	127.0004267
740	840	37.265088	127.0004251
740	846	37.2650916	127.0004237
740	852	37.2650956	127.0004221
740	858	37.2650997	127.0004206
740	864	37.2651045	127.0004206
740	870	37.2651106	127.0004185
740	876	37.2651106	127.0004185
740	882	37.2651145	127.0004172
740	888	37.2651182	127.0004155
740	894	37.265122	127.0004137
740	900	37.2651268	127.0004113
740	906	37.2651312	127.0004087
740	912	37.265136	127.0004056
740	918	37.2651408	127.0004026
740	924	37.2651453	127.0003994
740	930	37.2651502	127.0003962
740	936	37.2651598	127.00039
740	942	37.2651598	127.00039
740	948	37.2651647	127.000387
740	954	37.2652005	127.0003591
740	960	37.2651939	127.0003729
740	966	37.2651939	127.0003729
740	972	37.2651929	127.0003702
740	978	37.2651941	127.0003684
740	984	37.265196	127.0003665
740	990	37.2651986	127.0003647
740	996	37.2652013	127.0003629
740	1002	37.2652053	127.0003607
740	1008	37.2652092	127.0003584
740	1014	37.2652084	127.0003661
740	1020	37.2652077	127.0003706
740	1026	37.2652085	127.0003727
740	1032	37.26521	127.0003738
740	1038	37.2652122	127.0003737
740	1044	37.2652149	127.0003731
740	1050	37.2652181	127.0003717
740	1056	37.2652213	127.00037
740	1062	37.2652078	127.0004001
740	1068	37.2652078	127.0004001
740	1074	37.2652064	127.0004035
740	1080	37.2652077	127.0004032
740	1086	37.2652096	127.0004023
740	1092	37.2652121	127.0004006
740	1098	37.2652148	127.0003986
740	1104	37.265221	127.0003933
740	1110	37.2652237	127.0003909
740	1116	37.2652237	127.0003909
740	1122	37.2652297	127.0003864
740	1128	37.2652344	127.0003828
740	1134	37.2652389	127.0003796
740	1140	37.265243	127.0003768
740	1146	37.2652514	127.0003715
740	1152	37.2652514	127.0003715
740	1158	37.2652559	127.0003689
740	1164	37.2652605	127.0003666
740	1170	37.2652698	127.0003553
740	1176	37.2652767	127.0003459
740	1182	37.2652831	127.0003382
740	1188	37.2652948	127.0003259
740	1194	37.2652948	127.0003259
740	1200	37.265306	127.0003166
740	1206	37.265306	127.0003166
740	1212	37.265312	127.0003124
740	1218	37.2653178	127.0003085
740	1224	37.2653276	127.0002953
740	1230	37.2653365	127.0002843
740	1236	37.2653446	127.0002749
740	1242	37.2653527	127.0002666
740	1248	37.2653594	127.0002595
740	1254	37.2653673	127.0002527
740	1260	37.2653748	127.0002467
740	1266	37.265382	127.0002413
740	1272	37.2653891	127.0002364
740	1278	37.2653986	127.0002188
740	1284	37.2654074	127.0002043
740	1290	37.2654154	127.0001922
740	1296	37.2654235	127.0001816
740	1302	37.265431	127.0001727
740	1308	37.265431	127.0001727
740	1314	37.2654402	127.0001637
740	1320	37.2654479	127.0001565
740	1326	37.2654548	127.0001504
740	1332	37.2654627	127.0001445
740	1338	37.2654731	127.0001377
740	1344	37.2654887	127.000131
740	1350	37.2654887	127.000131
740	1356	37.2654973	127.0001272
740	1362	37.2655046	127.000124
740	1368	37.2655114	127.0001213
740	1374	37.2655179	127.0001191
740	1380	37.2655245	127.0001173
740	1386	37.265531	127.0001157
740	1392	37.2655417	127.0001137
740	1398	37.2655525	127.0001119
740	1404	37.2655625	127.0001106
740	1410	37.2655716	127.0001092
740	1416	37.2655805	127.0001079
740	1422	37.2655881	127.0001064
740	1428	37.2655963	127.0001047
740	1434	37.2656031	127.0001026
740	1440	37.2656109	127.0001005
740	1446	37.2656167	127.0000983
740	1452	37.2656247	127.0000959
740	1458	37.2656315	127.0000934
740	1464	37.2656381	127.000091
740	1470	37.2656446	127.0000885
740	1476	37.2656509	127.0000862
740	1482	37.2656575	127.0000838
740	1488	37.2656629	127.0000815
740	1494	37.2656695	127.000079
740	1500	37.2656681	127.000065
740	1506	37.2656661	127.0000517
740	1512	37.2656638	127.0000402
740	1518	37.2656629	127.0000298
740	1524	37.2656626	127.0000204
740	1530	37.2656631	127.0000121
740	1536	37.2651458	127.0002788
740	1542	37.2651565	127.0002694
740	1548	37.2651612	127.0002653
740	1554	37.2651702	127.000257
740	1560	37.2651702	127.000257
740	1566	37.2651816	127.0002416
740	1572	37.2651868	127.0002319
740	1578	37.2651907	127.0002235
740	1584	37.2651946	127.0002164
740	1590	37.2651986	127.0002102
740	1596	37.2652027	127.0002045
740	1602	37.2652067	127.0001994
740	1608	37.2652107	127.0001945
740	1614	37.2652149	127.0001899
740	1620	37.265219	127.0001855
740	1626	37.265223	127.0001807
740	1632	37.2652271	127.0001763
740	1638	37.2652313	127.000172
740	1644	37.2652353	127.0001677
740	1650	37.2652394	127.0001634
740	1656	37.2652438	127.0001595
740	1662	37.2652482	127.0001558
740	1668	37.2652527	127.0001523
740	1674	37.2652575	127.0001487
740	1680	37.2652628	127.0001342
740	1686	37.2652682	127.0001222
740	1692	37.2652728	127.0001119
740	1698	37.2652775	127.0001028
740	1704	37.265282	127.0000947
740	1710	37.2652867	127.0000874
740	1716	37.2652913	127.0000806
740	1722	37.265301	127.0000687
740	1728	37.265301	127.0000687
740	1734	37.2653212	127.0000761
740	1740	37.2653372	127.0000812
740	1746	37.2653502	127.0000851
740	1752	37.2653614	127.0000879
740	1758	37.2653717	127.0000902
740	1764	37.2653717	127.0000902
740	1770	37.2653824	127.0000919
740	1776	37.2653916	127.000093
740	1782	37.2653996	127.0000937
740	1788	37.2654078	127.0000941
740	1794	37.2654184	127.0000965
740	1800	37.2654288	127.000098
740	1806	37.2654373	127.0000986
740	1812	37.2654455	127.0000986
740	1818	37.2654532	127.0000979
740	1824	37.2654599	127.0000969
740	1830	37.2654731	127.0000933
740	1836	37.2654794	127.0000911
740	1842	37.2654854	127.0000887
740	1848	37.2654967	127.0000839
740	1854	37.2655016	127.0000817
740	1860	37.2655068	127.0000796
740	1866	37.2655119	127.0000776
740	1872	37.265517	127.0000756
740	1878	37.2655219	127.0000737
740	1884	37.2655282	127.0000767
740	1890	37.265534	127.0000791
740	1896	37.2655393	127.0000808
740	1902	37.2655445	127.0000822
740	1908	37.2655497	127.0000832
740	1914	37.2655547	127.0000839
740	1920	37.2655601	127.0000844
740	1926	37.2655657	127.0000847
740	1932	37.265571	127.0000848
740	1938	37.265573	127.0000865
740	1944	37.2655752	127.0000877
740	1950	37.2655781	127.0000885
740	1956	37.2655813	127.0000889
740	1962	37.265585	127.0000892
740	1968	37.2655891	127.0000892
740	1974	37.2655891	127.0000892
740	1980	37.2655941	127.000089
740	1986	37.2655989	127.0000885
740	1992	37.2656025	127.0000879
740	1998	37.265642	127.0000776
740	2004	37.2656518	127.0000741
740	2010	37.2656518	127.0000741
740	2016	37.2656552	127.0000725
740	2022	37.2656598	127.0000671
740	2028	37.2656606	127.0000655
740	2034	37.2656623	127.0000638
740	2040	37.2656623	127.0000638
740	2046	37.2656648	127.0000619
740	2052	37.2656671	127.0000601
740	2058	37.2656697	127.0000582
740	2064	37.2656727	127.0000562
740	2070	37.2656757	127.0000542
740	2076	37.2656736	127.000052
740	2082	37.2656727	127.0000493
740	2088	37.2656718	127.0000468
740	2094	37.2656717	127.0000439
740	2100	37.2656722	127.0000411
740	2106	37.2656733	127.0000378
740	2112	37.2656751	127.0000345
740	2118	37.2656772	127.000031
740	2124	37.2656772	127.000031
740	2130	37.2656797	127.0000273
740	2136	37.2656779	127.0000122
740	2142	37.2656779	127.0000122
740	2148	37.2656779	127.0000055
740	2154	37.2656785	126.9999995
740	2160	37.2656795	126.999994
740	2166	37.2656814	126.9999888
740	2172	37.2656834	126.9999841
740	2178	37.2656862	126.9999798
740	2184	37.2656892	126.9999761
740	2190	37.2656921	126.9999716
740	2196	37.2656947	126.9999679
740	2202	37.2656975	126.9999643
740	2208	37.2657008	126.9999611
740	2214	37.2657042	126.999958
740	2220	37.2657081	126.999955
740	2226	37.2657121	126.9999524
740	2232	37.2657176	126.9999492
740	2238	37.2657255	126.9999543
740	2244	37.2657324	126.9999575
740	2250	37.2657385	126.9999606
740	2256	37.2657441	126.9999625
740	2262	37.2657499	126.9999636
740	2268	37.2657556	126.9999642
740	2274	37.2657612	126.9999641
740	2280	37.2657667	126.9999637
740	2286	37.2657723	126.9999629
740	2292	37.2657777	126.9999637
740	2298	37.2657828	126.9999639
740	2304	37.2657878	126.9999639
740	2310	37.2657927	126.9999635
740	2316	37.2657975	126.9999628
740	2322	37.2658027	126.999962
740	2328	37.2658079	126.999961
740	2334	37.2658133	126.99996
740	2340	37.2658187	126.9999588
740	2346	37.2658234	126.9999562
740	2352	37.2658282	126.9999539
740	2358	37.2658336	126.9999514
740	2364	37.2658393	126.9999491
740	2370	37.2658452	126.9999466
740	2376	37.2658604	126.9999246
740	2382	37.2658604	126.9999209
740	2388	37.2658604	126.9999209
740	2394	37.265861	126.9999163
740	2400	37.2658628	126.999912
740	2406	37.2658648	126.999908
740	2412	37.265867	126.9999045
740	2418	37.2658695	126.9999012
740	2424	37.265872	126.9998979
740	2430	37.2658746	126.9998947
740	2436	37.2658775	126.9998911
740	2442	37.2658805	126.9998877
740	2448	37.2658842	126.9998836
740	2454	37.265888	126.9998798
740	2460	37.2658925	126.9998758
740	2466	37.2658925	126.9998758
740	2472	37.265902	126.9998685
740	2478	37.265902	126.9998685
740	2484	37.2659092	126.9998572
740	2490	37.2659132	126.9998508
740	2496	37.2659172	126.9998459
740	2502	37.2659212	126.9998417
740	2508	37.2659256	126.9998381
740	2514	37.26593	126.9998347
740	2520	37.2659348	126.9998314
740	2526	37.2659396	126.9998283
740	2532	37.265944	126.9998228
740	2538	37.2659485	126.9998183
740	2544	37.2659536	126.999814
740	2550	37.2659591	126.9998105
740	2556	37.2659644	126.9998075
740	2562	37.26597	126.9998047
740	2568	37.2659759	126.9998019
740	2574	37.2659815	126.9997996
740	2580	37.2659873	126.9997974
740	2586	37.2659917	126.9997847
740	2592	37.2659963	126.9997735
740	2598	37.266	126.9997664
740	2604	37.2660038	126.9997589
740	2610	37.2660076	126.9997521
740	2616	37.2660118	126.9997458
740	2622	37.2660195	126.9997385
740	2628	37.2660268	126.9997319
740	2634	37.2660342	126.9997257
740	2640	37.2660379	126.9997219
740	2646	37.2660424	126.999718
740	2652	37.2660466	126.9997144
740	2658	37.2660514	126.9997108
740	2664	37.266056	126.9997075
740	2670	37.2660613	126.9997041
740	2676	37.2660662	126.9997009
740	2682	37.2660711	126.9996975
740	2688	37.2660762	126.9996942
740	2694	37.2660762	126.9996942
740	2700	37.2660872	126.9996869
740	2706	37.266088	126.9996856
740	2712	37.2660894	126.9996843
740	2718	37.2660915	126.9996825
740	2724	37.266094	126.9996807
740	2730	37.2660965	126.9996788
740	2736	37.2660995	126.9996766
740	2742	37.2661025	126.9996744
740	2748	37.2661045	126.999674
740	2754	37.266107	126.9996734
740	2760	37.2661093	126.9996729
740	2766	37.2661123	126.9996721
740	2772	37.2661147	126.9996718
740	2778	37.2661173	126.9996712
740	2784	37.26612	126.9996705
740	2790	37.2661232	126.9996696
740	2796	37.2661266	126.9996686
740	2802	37.2661286	126.9996621
740	2808	37.2661309	126.9996562
740	2814	37.2661337	126.9996508
740	2820	37.2661374	126.9996456
740	2826	37.2661374	126.9996456
740	2832	37.2661451	126.9996362
740	2838	37.2661479	126.9996325
740	2844	37.2661479	126.9996325
740	2850	37.2661567	126.9996281
740	2856	37.2661595	126.9996247
740	2862	37.266164	126.9996215
740	2868	37.2661757	126.9996197
740	2874	37.2661875	126.9996179
740	2880	37.2661955	126.9996169
740	2886	37.2662045	126.9996157
740	2892	37.2662123	126.9996151
740	2898	37.2662184	126.9996152
740	2904	37.2662258	126.999615
740	2910	37.2662261	126.9996074
740	2916	37.2662261	126.999601
740	2922	37.266231	126.9995954
740	2928	37.2662365	126.9995903
740	2934	37.2662417	126.9995859
740	2940	37.2662654	126.9995705
740	2946	37.2662983	126.9995629
740	2952	37.2663327	126.9994898
740	2958	37.2663327	126.9994898
740	2964	37.2663348	126.9994881
740	2970	37.2663336	126.9994912
740	2976	37.2663326	126.9994946
740	2982	37.2663307	126.9994967
740	2988	37.2663261	126.9995043
740	2994	37.2663228	126.9995106
740	3000	37.2663223	126.9995189
740	3006	37.2663257	126.9995241
740	3012	37.2663241	126.9995415
740	3018	37.2663246	126.999552
740	3024	37.2663266	126.9995596
740	3030	37.2663266	126.9995596
740	3036	37.266336	126.9995655
740	3042	37.2663403	126.999572
740	3048	37.2663398	126.9995768
740	3054	37.2663458	126.9995861
740	3060	37.2663493	126.9995939
740	3066	37.2663561	126.9996017
740	3072	37.2663585	126.9996082
740	3078	37.2663652	126.9996145
740	3084	37.2663698	126.99962
740	3090	37.2663736	126.9996248
740	3096	37.2663806	126.9996291
740	3102	37.2663859	126.9996329
740	3108	37.2663918	126.9996365
740	3114	37.2663958	126.9996394
740	3120	37.2664015	126.9996421
740	3126	37.2664056	126.9996442
740	3132	37.2664098	126.9996464
740	3138	37.2664143	126.9996484
740	3144	37.2664192	126.9996503
740	3150	37.2664242	126.9996519
740	3156	37.266429	126.9996534
740	3162	37.2664347	126.9996547
740	3168	37.2664401	126.999656
740	3174	37.2664458	126.9996573
740	3180	37.2664508	126.9996587
740	3186	37.2664578	126.9996601
740	3192	37.2664636	126.9996614
740	3198	37.2664696	126.9996627
740	3204	37.2664757	126.9996639
740	3210	37.2664818	126.999665
740	3216	37.2664879	126.9996657
740	3222	37.2664934	126.9996661
740	3228	37.2665108	126.9996692
740	3234	37.2665108	126.9996692
740	3240	37.2665207	126.9996704
740	3246	37.2665312	126.9996717
740	3252	37.2665407	126.9996724
740	3258	37.2665519	126.9996726
740	3264	37.2665617	126.9996726
740	3270	37.2665704	126.999672
740	3276	37.2665852	126.9996694
740	3282	37.2665918	126.9996671
740	3288	37.2665964	126.9996653
740	3294	37.2666076	126.999662
740	3300	37.2666076	126.999662
740	3306	37.2666139	126.9996606
740	3312	37.2666203	126.9996591
740	3318	37.2666259	126.9996577
740	3324	37.2666277	126.9996547
740	3330	37.2666296	126.9996521
740	3336	37.266636	126.9996475
740	3342	37.266636	126.9996475
740	3348	37.2666446	126.9996431
740	3354	37.2666446	126.9996431
740	3360	37.2666503	126.9996411
740	3366	37.2666555	126.999639
740	3372	37.2666602	126.9996371
740	3378	37.2666681	126.9996302
740	3384	37.2666681	126.9996302
740	3390	37.26667	126.9996224
740	3396	37.26667	126.9996224
740	3402	37.2666745	126.999615
740	3408	37.2666745	126.999615
740	3414	37.2666784	126.9996122
740	3420	37.2666827	126.99961
740	3426	37.2666867	126.9996078
740	3432	37.2666795	126.9995907
740	3438	37.2666795	126.9995907
740	3444	37.2666778	126.9995776
740	3450	37.2666778	126.9995776
740	3456	37.2666794	126.9995711
740	3462	37.2666809	126.9995658
740	3468	37.2666826	126.999561
740	3474	37.2666852	126.9995562
740	3480	37.2666877	126.9995518
740	3486	37.2666836	126.9995413
740	3492	37.2666814	126.9995331
740	3498	37.2666819	126.9995245
740	3504	37.2666836	126.9995168
740	3510	37.2666863	126.9995093
740	3516	37.2666896	126.9995028
740	3522	37.2666934	126.9994964
740	3528	37.2666973	126.9994903
740	3534	37.2667006	126.9994852
740	3540	37.2667004	126.9994765
740	3546	37.2667004	126.9994765
740	3552	37.2667025	126.9994695
740	3558	37.2667032	126.9994594
740	3564	37.266705	126.9994484
740	3570	37.266688	126.9993582
740	3576	37.2666779	126.9992993
740	3582	37.26665	126.9991485
740	3588	37.2666436	126.9991062
740	3594	37.2666395	126.9990596
740	3600	37.2666395	126.9990596
740	3606	37.2666393	126.9990381
740	3612	37.2666391	126.999025
740	3618	37.2666391	126.9990127
740	3624	37.26664	126.9990021
740	3630	37.2666407	126.9989936
740	3636	37.2666435	126.9989777
740	3642	37.2666435	126.9989777
740	3648	37.2666461	126.9989667
740	3654	37.2666494	126.9989612
740	3660	37.2666515	126.9989552
740	3666	37.2666543	126.9989497
740	3672	37.2666564	126.9989436
740	3678	37.2666613	126.9989328
740	3684	37.2666613	126.9989328
740	3690	37.2666664	126.998923
740	3696	37.2666664	126.998923
740	3702	37.2666684	126.998919
740	3708	37.2666684	126.998919
740	3714	37.2666717	126.9989167
740	3720	37.2666734	126.9989145
740	3726	37.2666765	126.998913
740	3732	37.2666793	126.9989104
740	3738	37.266683	126.998909
740	3744	37.2666863	126.9989058
740	3750	37.2666923	126.9989065
740	3756	37.2666974	126.9989052
740	3762	37.2667047	126.9989051
740	3768	37.2667141	126.9989072
740	3774	37.2667212	126.9989073
740	3780	37.2667308	126.9989092
740	3786	37.2667385	126.9989095
740	3792	37.2667481	126.998911
740	3798	37.2667558	126.9989106
740	3804	37.2667656	126.9989121
740	3810	37.2667731	126.9989121
740	3816	37.2667912	126.9989139
740	3822	37.2667912	126.9989139
740	3828	37.2668013	126.9989118
740	3834	37.2668091	126.9989123
740	3840	37.2668165	126.9989102
740	3846	37.2668226	126.9989096
740	3852	37.266829	126.9989074
740	3858	37.2668319	126.9989083
740	3864	37.2668476	126.9988996
740	3870	37.2668565	126.998898
740	3876	37.2668565	126.998898
740	3882	37.2668639	126.9988934
740	3888	37.2668693	126.9988902
740	3894	37.2668777	126.9988855
740	3900	37.2668842	126.9988815
740	3906	37.266891	126.9988767
740	3912	37.2668984	126.998872
740	3918	37.266905	126.998867
740	3924	37.2669121	126.9988622
740	3930	37.2669192	126.998857
740	3936	37.2669263	126.9988524
740	3942	37.266932	126.9988481
740	3948	37.2669387	126.9988439
740	3954	37.2669461	126.9988391
740	3960	37.2669539	126.9988353
740	3966	37.2669605	126.9988321
740	3972	37.2669668	126.9988285
740	3978	37.2669727	126.9988253
740	3984	37.266979	126.9988223
740	3990	37.2669853	126.9988189
740	3996	37.2669912	126.998817
740	4002	37.2669977	126.9988143
740	4008	37.2670031	126.9988105
740	4014	37.2670082	126.9988071
740	4020	37.2670146	126.9988026
740	4026	37.2670196	126.9987999
740	4032	37.2670252	126.9987969
740	4038	37.2670307	126.9987939
740	4044	37.2670359	126.998791
740	4050	37.2670412	126.9987881
740	4056	37.2670465	126.998785
740	4062	37.2670524	126.9987826
740	4068	37.2670566	126.9987809
740	4074	37.2670636	126.9987786
740	4080	37.2670691	126.9987783
740	4086	37.2670747	126.9987776
740	4092	37.2670808	126.9987782
740	4098	37.2670866	126.9987783
910	456	37.2651763	126.9995365
910	462	37.2651731	126.9995433
910	468	37.2651731	126.9995433
910	474	37.2651725	126.9995472
910	480	37.2651693	126.9995514
910	486	37.2651201	126.999614
910	492	37.2651201	126.999614
910	498	37.2650806	126.9996682
910	504	37.2650495	126.9997213
910	510	37.2650495	126.9997213
910	516	37.2650152	126.9997898
910	522	37.2650152	126.9997898
910	528	37.2649845	126.9998525
910	534	37.265004	126.9998265
910	540	37.2650172	126.9998024
910	546	37.2650279	126.9997853
910	552	37.2650359	126.999773
910	558	37.2650424	126.9997646
910	564	37.2650474	126.9997599
910	570	37.2650513	126.9997569
910	576	37.265055	126.9997599
910	582	37.2650579	126.9997641
910	588	37.2650605	126.9997687
910	594	37.2650629	126.9997756
910	600	37.2650651	126.9997819
910	606	37.2650668	126.9997889
910	612	37.2650671	126.9998099
910	618	37.265066	126.9998314
910	624	37.2650654	126.9998481
910	630	37.2650663	126.9998662
910	636	37.2650664	126.9998815
910	642	37.2650668	126.999895
910	648	37.2650672	126.9999081
910	654	37.2650677	126.9999197
910	660	37.2650678	126.9999321
910	666	37.2650674	126.9999388
910	672	37.26507	126.9999858
910	678	37.2650704	127.0000058
910	684	37.2650694	127.0000242
910	690	37.2650672	127.0000382
910	696	37.2650661	127.0000549
910	702	37.2650633	127.0000669
910	708	37.2650613	127.000079
910	714	37.2650582	127.0000905
910	720	37.2650555	127.000102
910	726	37.2650522	127.0001235
910	732	37.2650497	127.0001422
910	738	37.2650416	127.0001722
910	744	37.2650416	127.0001722
910	750	37.2650374	127.0001887
910	756	37.2650321	127.0002007
910	762	37.2650274	127.0002131
910	768	37.2650215	127.0002239
910	774	37.2650161	127.0002345
910	780	37.2650146	127.0002527
910	786	37.2650137	127.0002657
910	792	37.2650062	127.0002899
910	798	37.2650062	127.0002899
910	804	37.2650017	127.0003046
910	810	37.2649957	127.0003137
910	816	37.2649904	127.0003229
910	822	37.2649829	127.0003319
910	828	37.2649764	127.0003404
910	834	37.2649799	127.0003564
910	840	37.2649801	127.0003682
910	846	37.2649799	127.0003809
910	852	37.2649773	127.0003932
910	858	37.2649749	127.0004042
910	864	37.2649704	127.0004136
910	870	37.2649492	127.0004498
910	876	37.2649394	127.0004607
910	882	37.2649316	127.0004673
910	888	37.2649192	127.0004819
910	894	37.2649192	127.0004819
910	900	37.2649044	127.0004962
910	906	37.2649044	127.0004962
910	912	37.2648967	127.0004992
910	918	37.2649096	127.000526
910	924	37.2649198	127.0005344
910	930	37.2649247	127.0005424
910	936	37.2649283	127.0005493
910	942	37.2649288	127.0005573
910	948	37.2649298	127.0005628
910	954	37.2649279	127.0005715
910	960	37.2649247	127.0005757
910	966	37.2649221	127.0005782
910	972	37.2649271	127.0005999
910	978	37.2649311	127.0006055
910	984	37.2649316	127.0006109
910	990	37.2649203	127.0006407
910	996	37.264916	127.0006495
910	1002	37.2649139	127.0006619
910	1008	37.2649139	127.0006619
910	1014	37.2649118	127.0006688
910	1020	37.2648866	127.0007038
910	1026	37.2648967	127.0007025
910	1032	37.2649049	127.000702
910	1038	37.2649191	127.0007021
910	1044	37.2649191	127.0007021
910	1050	37.2649227	127.0007062
910	1056	37.2649263	127.0007089
910	1062	37.2649298	127.0007121
910	1068	37.2649312	127.0007188
910	1074	37.2649312	127.0007188
910	1080	37.2649816	127.0006941
910	1086	37.2649816	127.0006941
910	1092	37.2650029	127.0006842
910	1098	37.2650029	127.0006842
910	1104	37.2650096	127.0006862
910	1110	37.265013	127.0006885
910	1116	37.2650164	127.0006908
910	1122	37.2650178	127.0006958
910	1128	37.2650178	127.0006958
910	1134	37.2650629	127.0006623
910	1140	37.2650629	127.0006623
910	1146	37.2650721	127.000658
910	1152	37.2650771	127.0006565
910	1158	37.2650821	127.0006561
910	1164	37.2650853	127.0006572
910	1170	37.2650884	127.0006582
910	1176	37.265095	127.0006567
910	1182	37.265095	127.0006567
910	1188	37.2650995	127.000656
910	1194	37.2650995	127.000656
910	1200	37.2651042	127.0006586
910	1206	37.2651054	127.0006611
910	1212	37.2651074	127.0006637
910	1218	37.2651086	127.0006679
910	1224	37.2651089	127.0006708
910	1230	37.2651105	127.0006657
910	1236	37.2651105	127.0006657
910	1242	37.2651128	127.0006553
910	1248	37.2651128	127.0006553
910	1254	37.2651168	127.0006535
910	1260	37.2651191	127.0006525
910	1266	37.2651211	127.0006514
910	1272	37.2651236	127.0006522
910	1278	37.2651259	127.0006517
910	1284	37.265124	127.0006171
910	1290	37.265124	127.0006171
910	1296	37.2651259	127.000593
910	1302	37.2651269	127.0005748
910	1308	37.2651289	127.0005615
910	1314	37.2651336	127.0005398
910	1320	37.2651336	127.0005398
910	1326	37.2651389	127.0005234
910	1332	37.2651389	127.0005234
910	1338	37.2651385	127.0005187
910	1344	37.2651479	127.0004993
910	1350	37.2651466	127.0004891
910	1356	37.2651473	127.0004814
910	1362	37.2651481	127.0004752
910	1368	37.2651521	127.0004658
910	1374	37.2651521	127.0004658
910	1380	37.2651571	127.0004605
910	1386	37.2651593	127.0004572
910	1392	37.265159	127.0004547
910	1398	37.265159	127.0004547
910	1404	37.2651589	127.0004538
910	1410	37.2651598	127.0004527
910	1416	37.2651598	127.0004527
910	1422	37.2651616	127.0004527
910	1428	37.2651616	127.0004527
910	1434	37.2651638	127.0004539
910	1440	37.2651659	127.0004542
910	1446	37.2651641	127.0004578
910	1452	37.2651641	127.0004597
910	1458	37.2651654	127.0004609
910	1464	37.2651676	127.0004614
910	1470	37.2651691	127.0004635
910	1476	37.265171	127.0004649
910	1482	37.2651742	127.0004649
910	1488	37.2651781	127.0004647
910	1494	37.2651821	127.000464
910	1500	37.2651796	127.000466
910	1506	37.2651791	127.0004669
910	1512	37.2651808	127.0004702
910	1518	37.2651808	127.0004702
910	1524	37.2651844	127.0004734
910	1530	37.2651844	127.0004734
910	1536	37.2651888	127.0004739
910	1542	37.2651907	127.0004748
910	1548	37.2651925	127.0004751
910	1554	37.2651947	127.0004749
910	1560	37.2651967	127.0004744
910	1566	37.2652003	127.0004734
910	1572	37.2652027	127.0004726
910	1578	37.2652068	127.0004708
910	1584	37.2652102	127.0004692
910	1590	37.265214	127.0004672
910	1596	37.2652178	127.0004653
910	1602	37.2652221	127.0004632
910	1608	37.2652265	127.000461
910	1614	37.2652315	127.0004583
910	1620	37.2652366	127.0004555
910	1626	37.2652413	127.0004526
910	1632	37.2652464	127.0004495
910	1638	37.2652506	127.000447
910	1644	37.2652566	127.0004437
910	1650	37.2652615	127.000441
910	1656	37.2652668	127.0004379
910	1662	37.2652715	127.000435
910	1668	37.2652764	127.0004317
910	1674	37.2652813	127.0004284
910	1680	37.265286	127.0004252
910	1686	37.2652913	127.0004217
910	1692	37.2653199	127.0003988
910	1698	37.2652917	127.0003914
910	1704	37.265289	127.0003913
910	1710	37.2652895	127.0003898
910	1716	37.2652895	127.0003898
910	1722	37.2652895	127.0003898
910	1728	37.2652895	127.0003898
910	1734	37.2652895	127.0003898
910	1740	37.2652895	127.0003898
910	1746	37.2652895	127.0003898
910	1752	37.2652895	127.0003898
910	1758	37.2652895	127.0003898
910	1764	37.2652789	127.0003869
910	1770	37.2652789	127.0003869
910	1776	37.2652789	127.0003869
910	1782	37.2652789	127.0003869
910	1788	37.2652789	127.0003869
910	1794	37.2652789	127.0003869
910	1800	37.2652789	127.0003869
910	1806	37.2652789	127.0003869
910	1812	37.2652348	127.0003925
910	1818	37.265207	127.0004046
910	1824	37.2651978	127.0004086
910	1830	37.2651929	127.0004107
910	1836	37.2651908	127.0004113
910	1842	37.2651894	127.0004116
910	1848	37.2651888	127.0004115
910	1854	37.2651888	127.0004113
910	1860	37.2651899	127.0004107
910	1866	37.2651909	127.0004102
910	1872	37.2651965	127.0004057
910	1878	37.265202	127.0004015
910	1884	37.2652068	127.0003983
910	1890	37.2652117	127.0003952
910	1896	37.2652164	127.0003927
910	1902	37.2652215	127.0003896
910	1908	37.2652263	127.0003868
910	1914	37.2652316	127.0003837
910	1920	37.2652367	127.0003809
910	1926	37.2652398	127.0003767
910	1932	37.2652438	127.0003727
910	1938	37.2652477	127.0003691
910	1944	37.2652527	127.0003654
910	1950	37.2652577	127.000362
910	1956	37.265263	127.0003588
910	1962	37.2652683	127.0003556
910	1968	37.2652801	127.0003488
910	1974	37.2653114	127.0003365
910	1980	37.2653282	127.0003292
910	1986	37.2653414	127.0003243
910	1992	37.2653515	127.0003207
910	1998	37.2653624	127.0003167
910	2004	37.2653721	127.0003134
910	2010	37.2653803	127.0003083
910	2016	37.2653882	127.0003037
910	2022	37.2653955	127.0002997
910	2028	37.265403	127.0002961
910	2034	37.2654175	127.0002897
910	2040	37.2654521	127.0002771
910	2046	37.2654521	127.0002771
910	2052	37.2654561	127.0002776
910	2058	37.2654597	127.0002778
910	2064	37.2654628	127.0002783
910	2070	37.265465	127.0002806
910	2076	37.265465	127.0002806
910	2082	37.2654738	127.0002723
910	2088	37.2654708	127.0002705
910	2094	37.2654708	127.0002705
910	2100	37.2654716	127.0002695
910	2106	37.2654739	127.0002681
910	2112	37.2654754	127.0002674
910	2118	37.2654785	127.000266
910	2124	37.265479	127.0002663
910	2130	37.2654916	127.0002603
910	2136	37.2654948	127.0002601
910	2142	37.2654982	127.0002597
910	2148	37.2655018	127.0002594
910	2154	37.2655069	127.0002584
910	2160	37.2655113	127.0002574
910	2166	37.2655161	127.0002558
910	2172	37.2655209	127.0002543
910	2178	37.2655254	127.0002514
910	2184	37.2655296	127.0002489
910	2190	37.265535	127.0002461
910	2196	37.2655401	127.0002434
910	2202	37.2655454	127.0002405
910	2208	37.2655509	127.0002373
910	2214	37.2655562	127.0002345
910	2220	37.2655618	127.0002315
910	2226	37.2655674	127.0002286
910	2232	37.2655729	127.0002235
910	2238	37.265584	127.000215
910	2244	37.265584	127.000215
910	2250	37.2655909	127.0002111
910	2256	37.2656026	127.0002067
910	2262	37.2656026	127.0002067
910	2268	37.2656091	127.0002049
910	2274	37.2656166	127.0002042
910	2280	37.2656166	127.0002042
910	2286	37.2656391	127.0001861
910	2292	37.2656472	127.0001765
910	2298	37.2656538	127.0001687
910	2304	37.2656605	127.0001617
910	2310	37.265667	127.0001556
910	2316	37.2656729	127.0001503
910	2322	37.2656792	127.0001449
910	2328	37.2656853	127.00014
910	2334	37.2656938	127.0001271
910	2340	37.265702	127.0001163
910	2346	37.2657099	127.0001067
910	2352	37.2657169	127.0000986
910	2358	37.265724	127.0000911
910	2364	37.2657313	127.0000842
910	2370	37.2657382	127.000078
910	2376	37.2657683	127.0000484
910	2382	37.2657796	127.0000382
910	2388	37.2657867	127.0000319
910	2394	37.2657931	127.0000264
910	2400	37.2657999	127.0000208
910	2406	37.2658302	126.9999873
910	2412	37.2658313	126.9999881
910	2418	37.2658338	126.9999887
910	2424	37.2658375	126.999989
910	2430	37.2658375	126.999989
910	2436	37.2658405	126.9999939
910	2442	37.2658435	126.9999974
910	2448	37.2658465	126.9999998
910	2454	37.2658495	127.0000009
910	2460	37.2658529	127.0000015
910	2466	37.2658571	127.0000011
910	2472	37.2658612	127.0000004
910	2478	37.2658654	126.9999993
910	2484	37.2658702	126.9999976
910	2490	37.2658715	127.0000021
910	2496	37.2658739	127.0000053
910	2502	37.2658775	127.0000079
910	2508	37.2658816	127.0000095
910	2514	37.2658816	127.0000095
910	2520	37.2658896	127.0000094
910	2526	37.2658938	127.0000106
910	2532	37.2658992	127.0000112
910	2538	37.2659006	127.0000128
910	2544	37.2659128	127.0000091
910	2550	37.2659275	127.000005
910	2556	37.2659334	127.0000023
910	2562	37.2659415	126.9999774
910	2568	37.2659389	126.9999764
910	2574	37.2659389	126.9999764
910	2580	37.2659381	126.9999606
910	2586	37.2659212	126.9999465
910	2592	37.2659222	126.9999432
910	2598	37.2659222	126.9999432
910	2604	37.2659147	126.9999365
910	2610	37.2659094	126.9999322
910	2616	37.2659074	126.9999275
910	2622	37.2659065	126.9999235
910	2628	37.2659064	126.9999199
910	2634	37.265907	126.9999163
910	2640	37.2659082	126.9999135
910	2646	37.2659105	126.9999105
910	2652	37.2659119	126.9999078
910	2658	37.2659142	126.9999056
910	2664	37.2659168	126.9999034
910	2670	37.2659203	126.9999012
910	2676	37.2659239	126.9998993
910	2682	37.2659284	126.9998966
910	2688	37.2659329	126.9998937
910	2694	37.2659375	126.9998913
910	2700	37.2659423	126.9998892
910	2706	37.2659468	126.9998885
910	2712	37.2659516	126.9998881
910	2718	37.265957	126.9998882
910	2724	37.2659619	126.9998887
910	2730	37.2659677	126.9998887
910	2736	37.2659732	126.9998888
910	2742	37.2659792	126.9998891
910	2748	37.2659849	126.9998895
910	2754	37.2659883	126.9998914
910	2760	37.2660037	126.9998869
910	2766	37.2660099	126.9998883
910	2772	37.2660155	126.9998897
910	2778	37.2660212	126.9998906
910	2784	37.266027	126.9998914
910	2790	37.2660329	126.9998921
910	2796	37.2660395	126.9998926
910	2802	37.2660453	126.9998933
910	2808	37.2660453	126.9998933
910	2814	37.2660551	126.9998928
910	2820	37.2660625	126.9998931
910	2826	37.2660691	126.9998938
910	2832	37.2660758	126.9998941
910	2838	37.2660826	126.9998943
910	2844	37.2660887	126.9998946
910	2850	37.2660954	126.9998948
910	2856	37.2661025	126.9998951
910	2862	37.2661089	126.9998957
910	2868	37.2661157	126.9998962
910	2874	37.2661231	126.9998966
910	2880	37.2661301	126.9998972
910	2886	37.2661368	126.9998978
910	2892	37.2661441	126.9998982
910	2898	37.2661515	126.9998986
910	2904	37.2661585	126.9998989
910	2910	37.2661656	126.999899
910	2916	37.2661726	126.9998992
910	2922	37.266179	126.9998993
910	2928	37.2661854	126.9998994
910	2934	37.2661917	126.9998997
910	2940	37.2661982	126.9998998
910	2946	37.2662048	126.9999
910	2952	37.2662123	126.9999
910	2958	37.2662188	126.9999002
910	2964	37.2662211	126.9999012
910	2970	37.2662419	126.9998998
910	2976	37.2662478	126.999901
910	2982	37.2662537	126.9999018
910	2988	37.26626	126.9999031
910	2994	37.266266	126.9999044
910	3000	37.2662718	126.9999057
910	3006	37.2662785	126.9999066
910	3012	37.2662848	126.9999075
910	3018	37.2662865	126.9999087
910	3024	37.266311	126.9998934
910	3030	37.2663185	126.9998831
910	3036	37.2663257	126.9998746
910	3042	37.2663326	126.9998676
910	3048	37.2663398	126.9998613
910	3054	37.2663463	126.9998558
910	3060	37.2663529	126.9998504
910	3066	37.2663594	126.9998456
910	3072	37.266361	126.9998425
910	3078	37.2663834	126.9998235
910	3084	37.2663876	126.999813
910	3090	37.2663938	126.9998038
910	3096	37.266399	126.9997967
910	3102	37.2664043	126.9997904
910	3108	37.2664108	126.9997845
910	3114	37.2664162	126.9997793
910	3120	37.2664219	126.9997742
910	3126	37.2664276	126.9997691
910	3132	37.2664332	126.999764
910	3138	37.2664378	126.9997596
910	3144	37.2664428	126.9997548
910	3150	37.266448	126.9997502
910	3156	37.2664526	126.9997457
910	3162	37.2664581	126.9997408
910	3168	37.2664627	126.9997361
910	3174	37.2664679	126.9997312
910	3180	37.2664705	126.9997216
910	3186	37.266473	126.9997133
910	3192	37.2664769	126.9997057
910	3198	37.2664801	126.9996988
910	3204	37.2664839	126.9996926
910	3210	37.2664879	126.9996863
910	3216	37.2664919	126.9996804
910	3222	37.2664963	126.9996741
910	3228	37.2664978	126.9996661
910	3234	37.2664993	126.9996597
910	3240	37.2665023	126.9996526
910	3246	37.2665048	126.9996467
910	3252	37.266508	126.9996406
910	3258	37.2665119	126.9996351
910	3264	37.2665152	126.99963
910	3270	37.2665194	126.9996251
910	3276	37.2665237	126.9996209
910	3282	37.2665248	126.9996112
910	3288	37.2665261	126.9996026
910	3294	37.2665204	126.9995988
910	3300	37.2665174	126.999595
910	3306	37.2665161	126.9995905
910	3312	37.2665167	126.9995855
910	3318	37.2665172	126.9995811
910	3324	37.2665189	126.9995766
910	3330	37.266521	126.9995726
910	3336	37.2665215	126.9995683
910	3342	37.2665223	126.9995644
910	3348	37.2665229	126.9995609
910	3354	37.2665239	126.9995575
910	3360	37.2665251	126.999554
910	3366	37.2665277	126.99955
910	3372	37.2665305	126.999546
910	3378	37.2665335	126.9995423
910	3384	37.266537	126.9995383
910	3390	37.2665361	126.9995372
910	3396	37.2665359	126.9995367
910	3402	37.2665362	126.9995356
910	3408	37.2665374	126.9995346
910	3414	37.266539	126.9995331
910	3420	37.2665413	126.9995315
910	3426	37.2665439	126.9995297
910	3432	37.2665466	126.9995274
910	3438	37.26655	126.9995244
910	3444	37.2665486	126.9995157
910	3450	37.2665503	126.9995092
910	3456	37.2665503	126.9995092
910	3462	37.2665524	126.9995051
910	3468	37.2665548	126.9995007
910	3474	37.2665595	126.9994935
910	3480	37.2665595	126.9994935
910	3486	37.266554	126.9994897
910	3492	37.2665495	126.9994874
910	3498	37.2665469	126.9994848
910	3504	37.2665451	126.9994821
910	3510	37.2665438	126.9994756
910	3516	37.2665438	126.9994756
910	3522	37.2665444	126.9994717
910	3528	37.2665453	126.9994689
910	3534	37.2665361	126.9994637
910	3540	37.2665291	126.9994599
910	3546	37.2665244	126.9994563
910	3552	37.2665195	126.9994485
910	3558	37.2665195	126.9994485
910	3564	37.2665186	126.9994412
910	3570	37.2665186	126.9994412
910	3576	37.2665212	126.9994334
910	3582	37.2665212	126.9994334
910	3588	37.2665233	126.9994273
910	3594	37.2665266	126.9994218
910	3600	37.2665304	126.9994171
910	3606	37.2665347	126.9994131
910	3612	37.2665382	126.999409
910	3618	37.2665423	126.9994054
910	3624	37.2665458	126.9994003
910	3630	37.2665499	126.999396
910	3636	37.2665541	126.9993919
910	3642	37.2665541	126.9993919
910	3648	37.2665589	126.9993866
910	3654	37.2665622	126.9993792
910	3660	37.2665656	126.9993725
910	3666	37.2665688	126.9993527
910	3672	37.2665724	126.9993401
910	3678	37.2665767	126.9992936
910	3684	37.2665854	126.9992309
910	3690	37.2665917	126.9991936
910	3696	37.2666006	126.9991499
910	3702	37.2666068	126.9991237
910	3708	37.2666182	126.9990924
910	3714	37.2666256	126.9990744
910	3720	37.2666351	126.9990549
910	3726	37.2666419	126.9990427
910	3732	37.2666505	126.9990273
910	3738	37.2666572	126.9990155
910	3744	37.2666625	126.9990061
910	3750	37.2666673	126.998998
910	3756	37.2666763	126.9989831
910	3762	37.2666804	126.9989759
910	3768	37.2666857	126.9989684
910	3774	37.2666918	126.9989623
910	3780	37.2666977	126.9989557
910	3786	37.2667043	126.9989503
910	3792	37.2667099	126.9989449
910	3798	37.2667162	126.99894
910	3804	37.2667218	126.9989353
910	3810	37.2667276	126.9989312
910	3816	37.2667336	126.9989282
910	3822	37.266739	126.9989242
910	3828	37.2667451	126.9989211
910	3834	37.2667509	126.9989171
910	3840	37.2667573	126.9989137
910	3846	37.2667639	126.9989094
910	3852	37.2667639	126.9989094
910	3858	37.2667752	126.9989051
910	3864	37.2667809	126.998903
910	3870	37.2667855	126.9989034
910	3876	37.2667904	126.9989021
910	3882	37.2667943	126.9989019
910	3888	37.2667999	126.9988992
910	3894	37.266804	126.9988981
910	3900	37.2668085	126.9988956
910	3906	37.2668085	126.9988956
910	3912	37.2668192	126.9988874
910	3918	37.2668278	126.9988815
910	3924	37.2668354	126.9988762
910	3930	37.2668456	126.9988693
910	3936	37.2668456	126.9988693
910	3942	37.2668621	126.9988584
910	3948	37.2668751	126.998851
910	3954	37.2668855	126.9988451
910	3960	37.2668956	126.9988397
910	3966	37.2669047	126.9988347
910	3972	37.2669133	126.9988292
910	3978	37.2669213	126.998824
910	3984	37.2669291	126.9988188
910	3990	37.2669376	126.9988125
910	3996	37.2669449	126.9988073
910	4002	37.2669521	126.9988008
910	4008	37.2669586	126.9987958
910	4014	37.2669659	126.998791
910	4020	37.2669732	126.9987867
910	4026	37.2669796	126.9987839
910	4032	37.2669863	126.9987807
910	4038	37.2669916	126.9987783
910	4044	37.2669965	126.9987735
910	4050	37.267002	126.9987707
910	4056	37.267006	126.998769
910	4062	37.2670107	126.9987661
910	4068	37.2670155	126.9987645
910	4074	37.2670204	126.9987621
910	4080	37.2670256	126.9987606
910	4086	37.2670311	126.9987584
910	4092	37.2670371	126.9987559
910	4098	37.2670424	126.9987523
910	4104	37.2670492	126.9987498
910	4110	37.2670547	126.9987489
910	4116	37.2670613	126.9987467
910	4122	37.2670673	126.998745
910	4128	37.2670736	126.9987426
910	4134	37.2670873	126.9987416